1692031040712 0.60113924741745 0
1692031052354 0.6837974786758423 1
1692031064393 0.6949366927146912 2
1692031076916 0.7063291072845459 3
1692031088805 0.7105063199996948 4
1692031101300 0.7151898741722107 5
1692031113619 0.7127848267555237 6
1692031124471 0.7169620394706726 7
1692031135056 0.7215189933776855 8
1692031145556 0.7246835231781006 9
1692031156025 0.7230379581451416 10
1692031166459 0.7300000190734863 11
1692031176830 0.7302531599998474 12
1692031188352 0.7363291382789612 13
1692031198677 0.7350633144378662 14
1692031209113 0.7388607859611511 15
1692031219573 0.7403797507286072 16
1692031230380 0.7464556694030762 17
1692031241658 0.748734176158905 18
1692031252980 0.752784788608551 19
1692031264547 0.753291130065918 20
1692031275898 0.7593671083450317 21
1692031287019 0.7622784972190857 22
1692031297895 0.7644304037094116 23
1692031308200 0.7663291096687317 24
1692031318708 0.7698734402656555 25
1692031329576 0.7782278656959534 26
1692031340905 0.7770885825157166 27
1692031352358 0.7755696177482605 28
1692031359462 0.748734176158905 29
