1692031558854 0.6328313946723938 0
1692031570814 0.5725980401039124 1
1692031582560 0.5541666746139526 2
1692031594230 0.5277210474014282 3
1692031606156 0.5123317837715149 4
1692031617977 0.49314379692077637 5
1692031629619 0.4689214527606964 6
1692031640443 0.44268977642059326 7
1692031650837 0.42120397090911865 8
1692031661099 0.3898138701915741 9
1692031671238 0.3683622181415558 10
1692031681357 0.34563153982162476 11
1692031691452 0.3244926631450653 12
1692031701570 0.30392035841941833 13
1692031711613 0.29207926988601685 14
1692031721779 0.2789139449596405 15
1692031732088 0.2704305350780487 16
1692031742401 0.24760429561138153 17
1692031748873 0.44268977642059326 18
