1692037907631 0.5069324970245361 0
1692038115868 0.45795518159866333 1
1692038319071 0.44303879141807556 2
1692038518975 0.4350927770137787 3
1692038722647 0.4296351969242096 4
1692038924113 0.42493078112602234 5
1692039144941 0.421061247587204 6
1692039386437 0.4176449179649353 7
1692039602386 0.41436320543289185 8
1692039820638 0.41321641206741333 9
1692040041667 0.4103424847126007 10
1692040262319 0.40753549337387085 11
1692040489244 0.407668799161911 12
1692040705893 0.40515854954719543 13
1692040718274 0.41436320543289185 14
1692045486257 0.5523703694343567 0
1692045733185 0.5129326581954956 1
1692045970147 0.4939868748188019 2
1692046197074 0.4834378659725189 3
1692046423018 0.4756496250629425 4
1692046652533 0.4702802002429962 5
1692046912641 0.4647398591041565 6
1692047155493 0.46000614762306213 7
1692047420602 0.4561708867549896 8
1692047663523 0.452099472284317 9
1692047907600 0.44829151034355164 10
1692048141966 0.4455118477344513 11
1692048376850 0.4420984983444214 12
1692048624528 0.43922773003578186 13
1692048867219 0.4368728995323181 14
1692049093579 0.4345191419124603 15
1692049329442 0.4323256313800812 16
1692049554018 0.43056783080101013 17
1692049779053 0.4283168911933899 18
1692050007989 0.4267377257347107 19
1692050234834 0.4251851439476013 20
1692050461736 0.4226835072040558 21
1692050697318 0.4216776490211487 22
1692050926754 0.4200113117694855 23
1692051157522 0.4182777404785156 24
1692051378181 0.416930228471756 25
1692051431001 0.4251851439476013 26
