1692031558854 0.6410126686096191 0
1692031570814 0.7035443186759949 1
1692031582560 0.7165822982788086 2
1692031594230 0.7351898550987244 3
1692031606156 0.746329128742218 4
1692031617977 0.7599999904632568 5
1692031629619 0.7760759592056274 6
1692031640443 0.7944303750991821 7
1692031650837 0.7972151637077332 8
1692031661099 0.8150632977485657 9
1692031671238 0.8301265835762024 10
1692031681357 0.8360759615898132 11
1692031691452 0.8508860468864441 12
1692031701570 0.8615189790725708 13
1692031711613 0.8646835684776306 14
1692031721779 0.8730379939079285 15
1692031732088 0.8781012892723083 16
1692031742401 0.8855696320533752 17
1692031748873 0.7944303750991821 18
