1692036548885 0.6274683475494385 0
1692036557885 0.7007594704627991 1
1692036566568 0.7087341547012329 2
1692036575103 0.7173417806625366 3
1692036583610 0.7288607358932495 4
1692036592190 0.7373417615890503 5
1692036600973 0.750379741191864 6
1692036609603 0.7617721557617188 7
1692036618662 0.7658227682113647 8
1692036628172 0.7670885920524597 9
1692036637178 0.7770885825157166 10
1692036646437 0.7829114198684692 11
1692036655421 0.7863290905952454 12
1692036664495 0.7896202802658081 13
1692036672249 0.7658227682113647 14
