1692036548885 0.6387909054756165 0
1692036557885 0.5794664025306702 1
1692036566568 0.5664446949958801 2
1692036575103 0.5546650290489197 3
1692036583610 0.5359117984771729 4
1692036592190 0.5273237228393555 5
1692036600973 0.5153142213821411 6
1692036609603 0.4996737539768219 7
1692036618662 0.4900014102458954 8
1692036628172 0.4837823808193207 9
1692036637178 0.4687947630882263 10
1692036646437 0.460527628660202 11
1692036655421 0.4522916078567505 12
1692036664495 0.447081983089447 13
1692036672249 0.4900014102458954 14
