1692031040712 0.6685352921485901 0
1692031052354 0.5984100699424744 1
1692031064393 0.5778422355651855 2
1692031076916 0.5640210509300232 3
1692031088805 0.5578105449676514 4
1692031101300 0.5519596338272095 5
1692031113619 0.5494976043701172 6
1692031124471 0.5447346568107605 7
1692031135056 0.5418573021888733 8
1692031145556 0.5390478372573853 9
1692031156025 0.5353947877883911 10
1692031166459 0.531398355960846 11
1692031176830 0.5283039808273315 12
1692031188352 0.5242675542831421 13
1692031198677 0.5229718685150146 14
1692031209113 0.5175905227661133 15
1692031219573 0.5137704014778137 16
1692031230380 0.5098509192466736 17
1692031241658 0.5043656826019287 18
1692031252980 0.5001575946807861 19
1692031264547 0.4967893064022064 20
1692031275898 0.4921528995037079 21
1692031287019 0.48555663228034973 22
1692031297895 0.4826054573059082 23
1692031308200 0.47914919257164 24
1692031318708 0.47333964705467224 25
1692031329576 0.46761345863342285 26
1692031340905 0.46401238441467285 27
1692031352358 0.45874741673469543 28
1692031359462 0.5043656826019287 29
