1692036805570 0.5707594752311707 0
1692036814564 0.6789873242378235 1
1692036823716 0.697721540927887 2
1692036832893 0.7051898837089539 3
1692036842014 0.7158227562904358 4
1692036851687 0.7194936871528625 5
1692036860645 0.7288607358932495 6
1692036869343 0.7321519255638123 7
1692036878662 0.744683563709259 8
1692036887534 0.7493671178817749 9
1692036896118 0.7518987059593201 10
1692036903719 0.7624050378799438 11
1692036911233 0.7687341570854187 12
1692036918182 0.7660759687423706 13
1692036923797 0.744683563709259 14
