1692036805570 0.6689049601554871 0
1692036814564 0.5986296534538269 1
1692036823716 0.5759437680244446 2
1692036832893 0.5659266710281372 3
1692036842014 0.5579968690872192 4
1692036851687 0.5467438101768494 5
1692036860645 0.5327449440956116 6
1692036869343 0.5246067047119141 7
1692036878662 0.5142718553543091 8
1692036887534 0.5013035535812378 9
1692036896118 0.49901899695396423 10
1692036903719 0.48098036646842957 11
1692036911233 0.4752853810787201 12
1692036918182 0.47259196639060974 13
1692036923797 0.5142718553543091 14
