1692037907631 0.7496086955070496 0
1692038115868 0.7824912071228027 1
1692038319071 0.7920231223106384 2
1692038518975 0.7972937822341919 3
1692038722647 0.799612820148468 4
1692038924113 0.8033949136734009 5
1692039144941 0.8051965236663818 6
1692039386437 0.8058481812477112 7
1692039602386 0.8075987100601196 8
1692039820638 0.8087677955627441 9
1692040041667 0.8091000318527222 10
1692040262319 0.8122304677963257 11
1692040489244 0.8128054738044739 12
1692040705893 0.8136104345321655 13
1692040718274 0.8075987100601196 14
1692045486257 0.7121518850326538 0
1692045733185 0.7432200312614441 1
1692045970147 0.757466733455658 2
1692046197074 0.7641621232032776 3
1692046423018 0.7695924639701843 4
1692046652533 0.7737387418746948 5
1692046912641 0.776894748210907 6
1692047155493 0.7793160080909729 7
1692047420602 0.7819929122924805 8
1692047663523 0.7846952676773071 9
1692047907600 0.7868099212646484 10
1692048141966 0.7876468300819397 11
1692048376850 0.7893973588943481 12
1692048624528 0.7916781306266785 13
1692048867219 0.7931028008460999 14
1692049093579 0.7947446703910828 15
1692049329442 0.7960734963417053 16
1692049554018 0.7965718507766724 17
1692049779053 0.7978304028511047 18
1692050007989 0.7989803552627563 19
1692050234834 0.8002261519432068 20
1692050461736 0.8012803196907043 21
1692050697318 0.8023280501365662 22
1692050926754 0.803203284740448 23
1692051157522 0.8046982288360596 24
1692051378181 0.8052412867546082 25
1692051431001 0.8002261519432068 26
