1692030587774 0.601012647151947 0
1692030593796 0.6864556670188904 1
1692030599567 0.69721519947052 2
1692030605570 0.704556941986084 3
1692030611608 0.7089873552322388 4
1692030617724 0.7135443091392517 5
1692030623807 0.7131645679473877 6
1692030629908 0.7178481221199036 7
1692030636371 0.7146835327148438 8
1692030642704 0.7178481221199036 9
1692030648682 0.7194936871528625 10
1692030654506 0.7175949215888977 11
1692030660203 0.7230379581451416 12
1692030667435 0.7270886301994324 13
1692030673624 0.7278481125831604 14
1692030679458 0.7313923835754395 15
1692030684916 0.7298734188079834 16
1692030690405 0.7321519255638123 17
1692030697607 0.7350633144378662 18
1692030703688 0.7327848076820374 19
1692030709203 0.7370886206626892 20
1692030714584 0.7400000095367432 21
1692030720320 0.7440506219863892 22
1692030725907 0.7393670678138733 23
1692030731725 0.7469620108604431 24
1692030737338 0.7445569634437561 25
1692030742786 0.7493671178817749 26
1692030748364 0.751518964767456 27
1692030753834 0.750886082649231 28
1692030759414 0.7563291192054749 29
1692030765026 0.7564557194709778 30
1692030770638 0.7546835541725159 31
1692030777005 0.7559493780136108 32
1692030782380 0.7616455554962158 33
1692030787740 0.7613924145698547 34
1692030793090 0.7665822505950928 35
1692030799253 0.7608860731124878 36
1692030804911 0.7686076164245605 37
1692030810644 0.7674683332443237 38
1692030816349 0.7696202397346497 39
1692030821896 0.7694936990737915 40
1692030827369 0.7706329226493835 41
1692030832827 0.7696202397346497 42
1692030849257 0.7559493780136108 43
