1692030587774 0.664498507976532 0
1692030593796 0.5910112261772156 1
1692030599567 0.5727020502090454 2
1692030605570 0.5649927258491516 3
1692030611608 0.5627841353416443 4
1692030617724 0.554942786693573 5
1692030623807 0.550882875919342 6
1692030629908 0.5470234751701355 7
1692030636371 0.5461570024490356 8
1692030642704 0.5440915822982788 9
1692030648682 0.5418402552604675 10
1692030654506 0.5403195023536682 11
1692030660203 0.5373563766479492 12
1692030667435 0.5333486795425415 13
1692030673624 0.5338273048400879 14
1692030679458 0.5287381410598755 15
1692030684916 0.5283223986625671 16
1692030690405 0.5278921723365784 17
1692030697607 0.5221169590950012 18
1692030703688 0.5228490233421326 19
1692030709203 0.5209172368049622 20
1692030714584 0.5179511308670044 21
1692030720320 0.5156758427619934 22
1692030725907 0.5179007053375244 23
1692030731725 0.5113537311553955 24
1692030737338 0.5094174742698669 25
1692030742786 0.5063844919204712 26
1692030748364 0.5046095848083496 27
1692030753834 0.504017174243927 28
1692030759414 0.5007847547531128 29
1692030765026 0.49991217255592346 30
1692030770638 0.4971158504486084 31
1692030777005 0.49577105045318604 32
1692030782380 0.49178290367126465 33
1692030787740 0.48987653851509094 34
1692030793090 0.4891818165779114 35
1692030799253 0.48661136627197266 36
1692030804911 0.4824664294719696 37
1692030810644 0.482380747795105 38
1692030816349 0.4804162085056305 39
1692030821896 0.47884228825569153 40
1692030827369 0.47671493887901306 41
1692030832827 0.4741359055042267 42
1692030849257 0.49577105045318604 43
